LINEAR REGRESSION ON SAMPLE
Debt ratio % & 2.66\\
Current Liability to Current Assets & 1.72\\
Cash Flow to Liability & -1.42\\
Net Income to Total Assets & -1.99\\
Fixed Assets to Assets & 0.0\\

150:
[[[ 0.82068966  0.82550336  0.82068966  0.80392157  0.84827586]
  [ 5.          6.          7.          8.          9.        ]
  [10.         11.         12.         13.         14.        ]
  [15.         16.         17.         18.         19.        ]
  [20.         21.         22.         23.         24.        ]]

 [[ 0.80689655  0.81818182  0.80689655  0.77300613  0.86896552]
  [30.         31.         32.         33.         34.        ]
  [35.         36.         37.         38.         39.        ]
  [40.         41.         42.         43.         44.        ]
  [45.         46.         47.         48.         49.        ]]

 [[ 0.77241379  0.76086957  0.77241379  0.80152672  0.72413793]
  [55.         56.         57.         58.         59.        ]
  [60.         61.         62.         63.         64.        ]
  [65.         66.         67.         68.         69.        ]
  [70.         71.         72.         73.         74.        ]]

 [[ 0.79655172  0.80267559  0.79655172  0.77922078  0.82758621]
  [80.         81.         82.         83.         84.        ]
  [85.         86.         87.         88.         89.        ]
  [90.         91.         92.         93.         94.        ]
  [95.         96.         97.         98.         99.        ]]]

  100:
  [[[ 0.84117647  0.84210526  0.84117647  0.8372093   0.84705882]
  [ 5.          6.          7.          8.          9.        ]
  [10.         11.         12.         13.         14.        ]
  [15.         16.         17.         18.         19.        ]
  [20.         21.         22.         23.         24.        ]]

 [[ 0.83529412  0.83908046  0.83529412  0.82022472  0.85882353]
  [30.         31.         32.         33.         34.        ]
  [35.         36.         37.         38.         39.        ]
  [40.         41.         42.         43.         44.        ]
  [45.         46.         47.         48.         49.        ]]

 [[ 0.84117647  0.84210526  0.84117647  0.8372093   0.84705882]
  [55.         56.         57.         58.         59.        ]
  [60.         61.         62.         63.         64.        ]
  [65.         66.         67.         68.         69.        ]
  [70.         71.         72.         73.         74.        ]]

 [[ 0.83529412  0.83908046  0.83529412  0.82022472  0.85882353]
  [80.         81.         82.         83.         84.        ]
  [85.         86.         87.         88.         89.        ]
  [90.         91.         92.         93.         94.        ]
  [95.         96.         97.         98.         99.        ]]]

  50:
  [[[ 0.81794872  0.83678161  0.81794872  0.75833333  0.93333333]
  [ 5.          6.          7.          8.          9.        ]
  [10.         11.         12.         13.         14.        ]
  [15.         16.         17.         18.         19.        ]
  [20.         21.         22.         23.         24.        ]]

 [[ 0.83846154  0.849642    0.83846154  0.79464286  0.91282051]
  [30.         31.         32.         33.         34.        ]
  [35.         36.         37.         38.         39.        ]
  [40.         41.         42.         43.         44.        ]
  [45.         46.         47.         48.         49.        ]]

 [[ 0.81794872  0.83678161  0.81794872  0.75833333  0.93333333]
  [55.         56.         57.         58.         59.        ]
  [60.         61.         62.         63.         64.        ]
  [65.         66.         67.         68.         69.        ]
  [70.         71.         72.         73.         74.        ]]

 [[ 0.80512821  0.80808081  0.80512821  0.7960199   0.82051282]
  [80.         81.         82.         83.         84.        ]
  [85.         86.         87.         88.         89.        ]
  [90.         91.         92.         93.         94.        ]
  [95.         96.         97.         98.         99.        ]]]